0.5    1.0    -0.961086002784
0.5    1.0    -0.895122158734
0.5    1.0    -1.12634183309
0.5    1.0    -0.385230599357
0.5    1.0    -0.469842046852
0.5    1.0    -0.866766825828
0.5    1.0    5.45460330341
0.5    1.0    -0.324511159452
0.5    1.0    0.559938473576
0.5    1.0    -0.783791451982
0.5    1.0    -1.27354470113
0.5    1.0    -0.2988305728
0.5    1.0    -0.525362315143
0.5    1.0    -0.789632922537
0.5    1.0    -0.0725665793154
0.5    1.0    -0.965869706415
0.5    1.0    0.557528888837
0.5    1.0    0.0487940291871
0.5    1.0    3.31411181393
0.5    1.0    -0.841316300969
0.5    1.0    -0.579419229149
0.5    1.0    -0.85198768419
0.5    1.0    -0.391443149947
0.5    1.0    0.395282074418
0.5    1.0    -0.868296307399
0.5    1.0    -0.65869781583
0.5    1.0    -0.46645606673
0.5    1.0    0.0176826306886
0.5    1.0    -0.452791745331
0.5    1.0    -0.135811484727
0.5    1.0    -0.704968695856
0.5    1.0    -0.930720815751
0.5    1.0    -0.854748560728
0.5    1.0    0.830123607908
0.5    1.0    4.17500454729
0.5    1.0    -0.987490956456
0.5    1.0    -0.499986750256
0.5    1.0    -0.377920966962
0.5    1.0    -0.63187765021
0.5    1.0    -0.0131634734882
0.5    1.0    -0.387433783461
0.5    1.0    0.15453423972
0.5    1.0    -1.17249267506
0.5    1.0    -1.04946356783
0.5    1.0    2.235321952
0.5    1.0    2.53192329624
0.5    1.0    2.61654332902
0.5    1.0    0.220289882439
0.5    1.0    -0.814894520939
0.5    1.0    1.9555220657
0.5    1.0    1.9429879316
0.5    1.0    -0.441051866423
0.5    1.0    -0.704214212896
0.5    1.0    -0.833806616771
0.5    1.0    -0.701910423641
0.5    1.0    -0.538345095098
0.5    1.0    -0.854808978718
0.5    1.0    0.634669478016
0.5    1.0    -0.986012605966
0.5    1.0    -0.733201530741
0.5    1.0    0.473530259294
0.5    1.0    -1.17398043897
0.5    1.0    -1.06078858463
0.5    1.0    -0.610946947139
0.5    1.0    0.0798005199322
0.5    1.0    1.15403045426
0.5    1.0    -0.811787393314
0.5    1.0    -0.0967333455539
0.5    1.0    -0.826154048335
0.5    1.0    1.29210798507
0.5    1.0    1.37876261442
0.5    1.0    -0.635300062759
0.5    1.0    -0.461742112325
0.5    1.0    2.34483538243
0.5    1.0    -0.454256753446
0.5    1.0    -0.134402436911
0.5    1.0    -0.603786393452
0.5    1.0    -0.361004649538
0.5    1.0    -0.909404324567
0.5    1.0    -0.932966054602
0.5    1.0    -0.0237777270659
0.5    1.0    -0.40790265208
0.5    1.0    -0.685968411909
0.5    1.0    0.433008683988
0.5    1.0    3.81270809498
0.5    1.0    1.73214214725
0.5    1.0    -0.797506533205
0.5    1.0    -0.485711718758
0.5    1.0    -0.429775690767
0.5    1.0    -0.632492976409
0.5    1.0    1.4105463634
0.5    1.0    -0.978471666791
0.5    1.0    6.39534470029
0.5    1.0    0.447543557548
0.5    1.0    -0.933108023033
0.5    1.0    -0.92100172578
0.5    1.0    -0.323335924676
0.5    1.0    -0.985334608442
0.5    1.0    0.0387753844799
0.5    1.0    -0.144521291509
0.5    1.0    -0.173197800401
0.5    1.0    -1.33498226584
0.5    1.0    1.38274142531
0.5    1.0    -0.836279877979
0.5    1.0    -0.68753968851
0.5    1.0    -0.599996782941
0.5    1.0    2.16011484052
0.5    1.0    -1.17751580341
0.5    1.0    2.40511640159
0.5    1.0    -1.24736134185
0.5    1.0    -1.05946739603
0.5    1.0    -0.94828403248
0.5    1.0    -0.0485136638492
0.5    1.0    -0.344826192052
0.5    1.0    1.12940791371
0.5    1.0    1.17189454872
0.5    1.0    1.61962764677
0.5    1.0    0.246699069089
0.5    1.0    -0.910905368311
0.5    1.0    1.75457065394
0.5    1.0    -0.752596587202
0.5    1.0    2.91101483734
0.5    1.0    -1.50633907357
0.5    1.0    1.88612620042
0.5    1.0    -1.18012718687
0.5    1.0    1.72714065215
0.5    1.0    0.0253333613674
0.5    1.0    -1.09621880051
0.5    1.0    -0.961835652775
0.5    1.0    -0.918462973914
0.5    1.0    -0.564621664855
0.5    1.0    0.282963938542
0.5    1.0    -1.32942848379
0.5    1.0    0.542699846449
0.5    1.0    0.0807935212463
0.5    1.0    -1.323197438
0.5    1.0    -0.599992444182
0.5    1.0    -0.645696016148
0.5    1.0    -1.39837841957
0.5    1.0    1.1869423176
0.5    1.0    -0.772689002354
0.5    1.0    -1.08582339001
0.5    1.0    0.429269952481
0.5    1.0    -1.01939380185
0.5    1.0    -0.719695451206
0.5    1.0    -0.68864818622
0.5    1.0    -0.721591465705
0.5    1.0    -0.0248410190818
0.5    1.0    -1.02321331805
0.5    1.0    -1.26906220498
0.5    1.0    2.26929843024
0.5    1.0    -0.603011839739
0.5    1.0    -0.348696711656
0.5    1.0    6.14578320707
0.5    1.0    -1.05310004603
0.5    1.0    2.72309802165
0.5    1.0    -1.0177776129
0.5    1.0    -0.815725253477
0.5    1.0    -0.505712307908
0.5    1.0    -0.767206930407
0.5    1.0    -0.184861832191
0.5    1.0    0.595995644737
0.5    1.0    -0.954537219285
0.5    1.0    -1.25542471578
0.5    1.0    -0.736802629721
0.5    1.0    -0.632385960073
0.5    1.0    -1.23928705564
0.5    1.0    0.912869321107
0.5    1.0    -0.649190997966
0.5    1.0    -0.716515657346
0.5    1.0    -0.771307732781
0.5    1.0    -0.565447977523
0.5    1.0    0.866815833802
0.5    1.0    -0.828386394618
0.5    1.0    -0.474660503305
0.5    1.0    -0.740908619988
0.5    1.0    -0.744404140072
0.5    1.0    -0.396900538171
0.5    1.0    -1.10866869133
0.5    1.0    -0.556224285608
0.5    1.0    0.315281009687
0.5    1.0    -0.829868562148
0.5    1.0    0.232023350669
0.5    1.0    -0.673535387316
0.5    1.0    -0.02318792396
0.5    1.0    2.191733208
0.5    1.0    -0.527293489146
0.5    1.0    -1.24362396054
0.5    1.0    -0.535163710886
0.5    1.0    0.415173841406
0.5    1.0    -1.52240455151
0.5    1.0    -0.389341154548
0.5    1.0    0.648305373607
0.5    1.0    -1.62549219481
0.5    1.0    -0.493104817258
0.5    1.0    -0.144729232026
0.5    1.0    -0.998472213632
0.5    1.0    -0.659187148157
0.5    1.0    -0.482680416194
0.5    1.0    1.27639312433
0.5    1.0    -0.409462153327
0.5    1.0    -0.520865150498
0.5    1.0    -0.0524138423743
0.5    1.0    -0.849032839632
0.5    1.0    0.11666061035
0.5    1.0    2.09709793588
0.5    1.0    2.83709120521
0.5    1.0    -0.0274723276386
0.5    1.0    -0.719516369369
0.5    1.0    -0.728883941071
0.5    1.0    -0.920173401613
0.5    1.0    -0.852957340166
0.5    1.0    1.0835225102
0.5    1.0    1.91218433202
0.5    1.0    -1.13340832033
0.5    1.0    0.321775762642
0.5    1.0    -1.5698510703
0.5    1.0    0.194333158078
0.5    1.0    0.668854967399
0.5    1.0    -0.778421258188
0.5    1.0    -0.83037027222
0.5    1.0    -0.463135097604
0.5    1.0    -0.0525013933409
0.5    1.0    -0.955512302661
0.5    1.0    -0.577546065634
0.5    1.0    2.18512725536
0.5    1.0    -0.620360122736
0.5    1.0    2.71620352311
0.5    1.0    0.264298357177
0.5    1.0    -0.237717720167
0.5    1.0    -0.831524876614
0.5    1.0    -0.590344621419
0.5    1.0    -1.50648065628
0.5    1.0    -0.473382587053
0.5    1.0    -0.6682264544
0.5    1.0    0.2350812865
0.5    1.0    -0.830523789273
0.5    1.0    1.42986743557
0.5    1.0    -0.715621828633
0.5    1.0    1.01370930728
0.5    1.0    -0.865505113576
0.5    1.0    0.021192367176
0.5    1.0    -0.703902636579
0.5    1.0    0.102500871064
0.5    1.0    -0.560772931738
0.5    1.0    -0.706408064115
0.5    1.0    3.69478384618
0.5    1.0    0.244032184688
0.5    1.0    -0.95110904044
0.5    1.0    -0.216882138801
0.5    1.0    3.94499983196
0.5    1.0    -0.503612336015
0.5    1.0    6.66975026846
0.5    1.0    -0.281552012554
0.5    1.0    0.0239485740184
0.5    1.0    -0.810953764966
0.5    1.0    -0.67833606556
0.5    1.0    -0.265581532657
0.5    1.0    -0.673390298371
0.5    1.0    3.99017498807
0.5    1.0    0.846786752822
0.5    1.0    1.7418353837
0.5    1.0    0.594590980896
0.5    1.0    -0.0995486007461
0.5    1.0    -0.624487857353
0.5    1.0    2.10072357354
0.5    1.0    2.17974002266
0.5    1.0    -0.789357652586
0.5    1.0    -0.56953198666
0.5    1.0    -1.09686820611
0.5    1.0    -0.901094700153
0.5    1.0    -1.20812988027
0.5    1.0    -0.72987306472
0.5    1.0    -0.617696440474
0.5    1.0    -0.0523280194687
0.5    1.0    -0.394298147431
0.5    1.0    -0.646762435522
0.5    1.0    -0.840245430687
0.5    1.0    -0.463916982476
0.5    1.0    -0.00139425589683
0.5    1.0    -0.748721613649
0.5    1.0    0.102294387815
0.5    1.0    -0.541172159097
0.5    1.0    2.74520102456
0.5    1.0    -0.825403967738
0.5    1.0    -0.0823468588711
0.5    1.0    0.307530859704
0.5    1.0    -1.39030920009
0.5    1.0    -0.931200511322
0.5    1.0    2.35157467164
0.5    1.0    -0.127286008984
0.5    1.0    -0.433829486138
0.5    1.0    -0.99566001866
0.5    1.0    -0.83194481012
0.5    1.0    -0.457580799676
0.5    1.0    1.10060242622
0.5    1.0    -1.15878941822
0.5    1.0    0.551194599982
0.5    1.0    -0.839926065095
0.5    1.0    0.0474343659077
0.5    1.0    4.16999194794
0.5    1.0    0.898314705374
0.5    1.0    -1.24197425134
0.5    1.0    -0.880121335967
0.5    1.0    -0.753750503546
0.5    1.0    -0.878713943284
0.5    1.0    -0.236501962202
0.5    1.0    -0.397221728914
0.5    1.0    -0.291854581992
0.5    1.0    -0.633647838774
0.5    1.0    -0.732842559819
0.5    1.0    -0.903915774897
0.5    1.0    0.299626599335
0.5    1.0    -0.117747225998
0.5    1.0    -0.703362194782
0.5    1.0    1.20637204133
0.5    1.0    -0.794659841667
0.5    1.0    0.60294551079
0.5    1.0    0.184338806905
0.5    1.0    2.39364760643
0.5    1.0    -0.964708197944
0.5    1.0    0.461852324397
0.5    1.0    3.80243681696
0.5    1.0    -0.564723714541
0.5    1.0    -0.788959406991
0.5    1.0    2.12780226382
0.5    1.0    -1.03186612164
0.5    1.0    -0.754623733274
0.5    1.0    -1.27822377754
0.5    1.0    -1.09118725657
0.5    1.0    -0.826954656065
0.5    1.0    0.735298653374
0.5    1.0    0.0107668042677
0.5    1.0    0.996260874257
0.5    1.0    -0.918846861349
0.5    1.0    -0.608701230997
0.5    1.0    -1.15092521207
0.5    1.0    0.601573577164
0.5    1.0    -0.435665086355
0.5    1.0    0.041422392833
0.5    1.0    -0.784579424055
0.5    1.0    -0.924191385445
0.5    1.0    -0.383552307839
0.5    1.0    -0.618324516025
0.5    1.0    0.711975357005
0.5    1.0    -1.01263750785
0.5    1.0    -0.515312547241
0.5    1.0    0.554886813068
0.5    1.0    -1.04052985082
0.5    1.0    0.569282160846
0.5    1.0    -0.996980604604
0.5    1.0    -1.28618620192
0.5    1.0    0.693157247207
0.5    1.0    -0.967366920848
0.5    1.0    -0.758835383366
0.5    1.0    -0.58462676947
0.5    1.0    0.41870309316
0.5    1.0    -0.460945674732
0.5    1.0    0.736300480092
0.5    1.0    -0.498198359994
0.5    1.0    -0.839837159844
0.5    1.0    -0.792787994114
0.5    1.0    -1.14284979857
0.5    1.0    -0.790273193036
0.5    1.0    4.45367384083
0.5    1.0    -0.641683110658
0.5    1.0    1.44677171121
0.5    1.0    1.08327984772
0.5    1.0    -0.732275351087
0.5    1.0    -0.278731564615
0.5    1.0    0.617763280136
0.5    1.0    3.59868079658
0.5    1.0    -0.860532400984
0.5    1.0    -0.600864903779
0.5    1.0    -0.791570102296
0.5    1.0    1.65656054986
0.5    1.0    -0.467605174451
0.5    1.0    -0.360294112998
0.5    1.0    1.18148906954
0.5    1.0    0.0931623780096
0.5    1.0    -0.788770437965
0.5    1.0    -0.898299308618
0.5    1.0    -0.143783610233
0.5    1.0    -1.06848408266
0.5    1.0    -0.143825855107
0.5    1.0    -0.459736664563
0.5    1.0    2.05591951127
0.5    1.0    -0.865776835767
0.5    1.0    0.0159711871471
0.5    1.0    -1.10346966522
0.5    1.0    1.30232982323
0.5    1.0    0.704852028631
0.5    1.0    1.62664499207
0.5    1.0    0.652633473478
0.5    1.0    -0.784976125863
0.5    1.0    0.394492424642
0.5    1.0    -0.791173457721
0.5    1.0    -0.0329024318206
0.5    1.0    -0.800728513994
0.5    1.0    -0.911674750296
0.5    1.0    0.600607465901
0.5    1.0    -1.00484303495
0.5    1.0    -0.699447478531
0.5    1.0    -0.997528058893
0.5    1.0    -0.523131609767
0.5    1.0    -0.892363578972
0.5    1.0    -0.580016370439
0.5    1.0    -0.928222550188
0.5    1.0    0.339563116528
0.5    1.0    -0.411602017231
0.5    1.0    -1.25464352128
0.5    1.0    -0.494154276629
0.5    1.0    1.32240263958
0.5    1.0    -0.727594670056
0.5    1.0    2.57124667624
0.5    1.0    -0.00658938593252
0.5    1.0    -0.754311247238
0.5    1.0    -0.705221737327
0.5    1.0    -0.736496145151
0.5    1.0    -0.509619675308
0.5    1.0    0.387226489798
0.5    1.0    -0.180447599319
0.5    1.0    0.770725254948
0.5    1.0    -1.00588265259
0.5    1.0    -0.593879093695
0.5    1.0    -0.321624335661
0.5    1.0    -0.957187744015
0.5    1.0    0.796178772296
0.5    1.0    -0.88079498597
0.5    1.0    -0.570799429285
0.5    1.0    -1.3475262021
0.5    1.0    -0.783892507735
0.5    1.0    -0.275658518388
0.5    1.0    -0.683693856323
0.5    1.0    -1.04817204597
0.5    1.0    -0.894847541287
0.5    1.0    0.210600451464
0.5    1.0    -0.796672781714
0.5    1.0    -0.195912875804
0.5    1.0    -0.638917119736
0.5    1.0    0.663468783176
0.5    1.0    -0.878121765476
0.5    1.0    -0.505714170033
0.5    1.0    -0.110139062452
0.5    1.0    -0.501841658003
0.5    1.0    -1.26748527642
0.5    1.0    -0.364813096422
0.5    1.0    -0.964898116969
0.5    1.0    -0.842185295188
0.5    1.0    -0.257876758676
0.5    1.0    -0.836220140669
0.5    1.0    -1.28915030824
0.5    1.0    -0.812137380329
0.5    1.0    -0.410884523
0.5    1.0    -0.148269036954
0.5    1.0    -1.10474425865
0.5    1.0    0.842443624755
0.5    1.0    0.703441970617
0.5    1.0    0.743825488534
0.5    1.0    -0.673908766926
0.5    1.0    -0.661632916786
0.5    1.0    -0.120142759322
0.5    1.0    -0.617606956612
0.5    1.0    -0.829898672954
0.5    1.0    1.30117767985
0.5    1.0    -1.11648936977
0.5    1.0    -1.05587541643
0.5    1.0    1.17088701355
0.5    1.0    -0.759232478005
0.5    1.0    -0.406642030244
0.5    1.0    0.47659255453
0.5    1.0    -0.351384795912
0.5    1.0    3.20959136082
0.5    1.0    -0.282713535761
0.5    1.0    -0.87805423269
0.5    1.0    0.272817857773
0.5    1.0    -0.153647980418
0.5    1.0    0.773867078144
0.5    1.0    2.49228804723
0.5    1.0    -0.435619550952
0.5    1.0    -0.339096668264
0.5    1.0    -0.727646086717
0.5    1.0    1.07285195735
0.5    1.0    1.10304640568
0.5    1.0    0.666463466848
0.5    1.0    -0.072751758184
0.5    1.0    -1.04524635102
0.5    1.0    0.139808170206
0.5    1.0    4.13000534533
0.5    1.0    0.608762709543
0.5    1.0    -1.15232436519
0.5    1.0    4.58043337938
0.5    1.0    -0.77827828059
0.5    1.0    -0.648931599067
0.5    1.0    0.980907431686
0.5    1.0    -1.25249423289
0.5    1.0    -0.748166438263
0.5    1.0    1.1742899525
0.5    1.0    2.31362458739
0.5    1.0    -0.888879764583
0.5    1.0    -0.630966003822
0.5    1.0    -0.368236156308
0.5    1.0    5.41101456328
0.5    1.0    -0.507719247997
0.5    1.0    -0.870176230278
0.5    1.0    1.30861848828
0.5    1.0    0.57122397486
0.5    1.0    3.37687115115
0.5    1.0    0.563309624003
0.5    1.0    -0.928962093835
0.5    1.0    -0.953265948305
0.5    1.0    -0.459041401803
0.5    1.0    1.34865749921
0.5    1.0    -0.974850582376
0.5    1.0    -1.17749086646
0.5    1.0    -1.23838904605
0.5    1.0    -0.956074895637
0.5    1.0    -0.628548735056
0.5    1.0    1.60728057284
0.5    1.0    0.428869495992
0.5    1.0    0.262070331551
0.5    1.0    -0.810782437744
0.5    1.0    -0.825484903783
0.5    1.0    -0.709474097352
0.5    1.0    0.131175609944
0.5    1.0    -0.763936312747
0.5    1.0    -0.135111136926
0.5    1.0    -1.43228651837
0.5    1.0    -0.549554684499
0.5    1.0    -1.35040547244
0.5    1.0    -0.775558866502
0.5    1.0    -0.987153845331
0.5    1.0    -0.19306392594
0.5    1.0    1.93484065424
0.5    1.0    -0.904399773605
0.5    1.0    -0.915251674736
0.5    1.0    -1.004937098
0.5    1.0    -1.07245907018
0.5    1.0    -0.128698548624
0.5    1.0    0.0895739732776
0.5    1.0    -0.553896451197
0.5    1.0    -0.835357775579
0.5    1.0    -0.721913538869
0.5    1.0    -0.579007606921
0.5    1.0    -0.215547419572
0.5    1.0    3.82792574935
0.5    1.0    0.547131660289
0.5    1.0    -0.0815701919549
0.5    1.0    -0.578860773729
0.5    1.0    -1.02293359511
0.5    1.0    -0.928588350092
0.5    1.0    1.37662928615
0.5    1.0    0.389445364648
0.5    1.0    -0.8102676704
0.5    1.0    0.898175321075
0.5    1.0    -0.658069721764
0.5    1.0    -1.14771429379
0.5    1.0    -0.803987656558
0.5    1.0    -0.634685678501
0.5    1.0    1.34695211133
0.5    1.0    -0.409630882416
0.5    1.0    -1.1262568488
0.5    1.0    0.970892988859
0.5    1.0    0.275260284087
0.5    1.0    -0.331159879474
0.5    1.0    1.01769711448
0.5    1.0    -0.491723965302
0.5    1.0    -0.499051509096
0.5    1.0    3.9263514133
0.5    1.0    2.40918200224
0.5    1.0    -1.55405868969
0.5    1.0    -0.745164339279
0.5    1.0    0.141805911592
0.5    1.0    -0.803058842844
0.5    1.0    -0.669613889346
0.5    1.0    -0.506925015852
0.5    1.0    -0.853579028463
0.5    1.0    0.343127539724
0.5    1.0    -0.875272012773
0.5    1.0    -0.0117602332488
0.5    1.0    1.54097956032
0.5    1.0    -0.385873443361
0.5    1.0    -0.683384628503
0.5    1.0    -0.928004152681
0.5    1.0    -0.598760486086
0.5    1.0    -0.55166057752
0.5    1.0    -0.680502964928
0.5    1.0    0.00132660507799
0.5    1.0    -1.0631460802
0.5    1.0    0.17791403963
0.5    1.0    0.920734459014
0.5    1.0    -0.91928284579
0.5    1.0    -1.31364497472
0.5    1.0    0.442416780386
0.5    1.0    -0.401785376716
0.5    1.0    -0.674912890862
0.5    1.0    3.84514601813
0.5    1.0    0.961866607689
0.5    1.0    2.37888749196
0.5    1.0    -0.672643093873
0.5    1.0    -1.23078295615
0.5    1.0    -1.06881705249
0.5    1.0    0.317454566742
0.5    1.0    0.712697025006
0.5    1.0    -0.686330135352
0.5    1.0    -1.00476889324
0.5    1.0    1.43969165477
0.5    1.0    1.40278031031
0.5    1.0    -0.266925187364
0.5    1.0    -0.496721452994
0.5    1.0    0.922814987681
0.5    1.0    0.727021726397
0.5    1.0    -0.911031341932
0.5    1.0    -0.712526494082
0.5    1.0    -0.982264908148
0.5    1.0    -1.02937706868
0.5    1.0    -0.352925548332
0.5    1.0    2.37309502641
0.5    1.0    -0.152094909377
0.5    1.0    -0.728167866701
0.5    1.0    -1.26592418137
0.5    1.0    0.140736853958
0.5    1.0    -0.305791996084
0.5    1.0    -1.2259362488
0.5    1.0    -0.799968915665
0.5    1.0    -0.32460576083
0.5    1.0    -0.195344491101
0.5    1.0    -0.7360461443
0.5    1.0    -0.281346291831
0.5    1.0    9.46059871495
0.5    1.0    -0.0126788054692
0.5    1.0    -0.723959549951
0.5    1.0    3.28273510457
0.5    1.0    -0.85538749289
0.5    1.0    0.759361906475
0.5    1.0    -0.826440809053
0.5    1.0    -0.462189814967
0.5    1.0    0.564475311173
0.5    1.0    -0.363340360182
0.5    1.0    0.949981809137
0.5    1.0    -1.09299040278
0.5    1.0    -0.242748110189
0.5    1.0    -0.800795491039
0.5    1.0    -0.594444450312
0.5    1.0    -0.66575124647
0.5    1.0    -0.473383483232
0.5    1.0    -0.718559603848
0.5    1.0    -0.691624339154
0.5    1.0    -0.651551376772
0.5    1.0    -0.0161484452206
0.5    1.0    4.83498558672
0.5    1.0    0.615948076419
0.5    1.0    0.0783735327447
0.5    1.0    0.0335418163787
0.5    1.0    -0.520334809085
0.5    1.0    -0.896209973889
0.5    1.0    -0.920264367826
0.5    1.0    -0.924869511718
0.5    1.0    -0.637303077579
0.5    1.0    -0.680955115284
0.5    1.0    -0.145566013975
0.5    1.0    -0.893426131705
0.5    1.0    0.211839288856
0.5    1.0    -1.24170120942
0.5    1.0    -0.820550208953
0.5    1.0    -0.811901318236
0.5    1.0    -0.919517658385
0.5    1.0    -0.076421185292
0.5    1.0    -0.75937925189
0.5    1.0    -0.574450656659
0.5    1.0    -0.134345165166
0.5    1.0    -0.950972569757
0.5    1.0    -0.615145696933
0.5    1.0    -0.922404376237
0.5    1.0    0.190958066676
0.5    1.0    0.395140582129
0.5    1.0    -0.645510506597
0.5    1.0    -0.631003950574
0.5    1.0    -0.436281046626
0.5    1.0    -0.729530042524
0.5    1.0    -0.0374246845796
0.5    1.0    -0.805844184314
0.5    1.0    -0.35092577532
0.5    1.0    1.86204142842
0.5    1.0    -0.722568549659
0.5    1.0    -0.992389045206
0.5    1.0    -1.07655726821
0.5    1.0    0.963468397844
0.5    1.0    -0.218334923659
0.5    1.0    -0.785644649761
0.5    1.0    -0.9171162233
0.5    1.0    3.1006941243
0.5    1.0    4.67316224714
0.5    1.0    -0.733455036397
0.5    1.0    -0.350717774895
0.5    1.0    1.41791201715
0.5    1.0    0.490591272507
0.5    1.0    0.575749524273
0.5    1.0    0.26313282282
0.5    1.0    -1.30165265539
0.5    1.0    0.609404222988
0.5    1.0    -0.236982531819
0.5    1.0    -0.973130293032
0.5    1.0    -1.10825719125
0.5    1.0    1.80644068807
0.5    1.0    1.77877136163
0.5    1.0    -0.0454567494271
0.5    1.0    1.34612415562
0.5    1.0    -0.89663499992
0.5    1.0    2.21604176794
0.5    1.0    -1.10653990853
0.5    1.0    0.033197752947
0.5    1.0    0.308105034184
0.5    1.0    -0.263069842663
0.5    1.0    -0.776894233814
0.5    1.0    -0.469203335397
0.5    1.0    -1.29807754503
0.5    1.0    2.54287267285
0.5    1.0    -1.18007864214
0.5    1.0    -0.498954257633
0.5    1.0    -0.689280187427
0.5    1.0    0.722226945817
0.5    1.0    1.29008758576
0.5    1.0    1.52106765195
0.5    1.0    -0.0375439033084
0.5    1.0    -0.400795362192
0.5    1.0    0.583318372301
0.5    1.0    -1.16731918792
0.5    1.0    -1.49421307826
0.5    1.0    -0.602334584463
0.5    1.0    4.20656350983
0.5    1.0    0.153438855701
0.5    1.0    -0.151184485009
0.5    1.0    -1.1943124911
0.5    1.0    -0.805944208207
0.5    1.0    -0.702178903684
0.5    1.0    -1.10916992028
0.5    1.0    0.856377812841
0.5    1.0    -0.907096328847
0.5    1.0    -0.763927527107
0.5    1.0    -0.950421625657
0.5    1.0    -0.953594257968
0.5    1.0    -0.874215732844
0.5    1.0    0.350693987006
0.5    1.0    -1.03145643586
0.5    1.0    -0.382705928209
0.5    1.0    -0.0709547513391
0.5    1.0    2.11478576986
0.5    1.0    -0.956744726446
0.5    1.0    0.47562819477
0.5    1.0    -0.723749603181
0.5    1.0    -0.635400430839
0.5    1.0    -0.826355468825
0.5    1.0    -0.924240189993
0.5    1.0    -0.85979298822
0.5    1.0    -0.638025209188
0.5    1.0    -0.97624976851
0.5    1.0    3.0285945931
0.5    1.0    1.22502944914
0.5    1.0    0.30848469751
0.5    1.0    -0.261312855065
0.5    1.0    -0.581501086332
0.5    1.0    0.983811787144
0.5    1.0    -0.784516532985
0.5    1.0    1.45321441904
0.5    1.0    -1.00363719008
0.5    1.0    -0.80124018606
0.5    1.0    1.03128677677
0.5    1.0    2.04614088904
0.5    1.0    0.655041862165
0.5    1.0    -0.208076653826
0.5    1.0    -0.555742343549
0.5    1.0    -0.526876476192
0.5    1.0    -0.662869576884
0.5    1.0    -0.40160850721
0.5    1.0    0.476805946028
0.5    1.0    -0.982036684673
0.5    1.0    -0.921253144115
0.5    1.0    -0.396719865267
0.5    1.0    -0.213933591799
0.5    1.0    -0.913693586469
0.5    1.0    -0.791257018075
0.5    1.0    -1.24108497559
0.5    1.0    -0.829194994351
0.5    1.0    -0.908199815643
0.5    1.0    -0.268202599874
0.5    1.0    1.87484954402
0.5    1.0    -0.968113932583
0.5    1.0    -0.644630887131
0.5    1.0    0.116611744566
0.5    1.0    -0.134946463741
0.5    1.0    -0.954726804037
0.5    1.0    -1.32425509842
0.5    1.0    -0.744577496532
0.5    1.0    -0.749745531417
0.5    1.0    -0.992533539547
0.5    1.0    -0.717876195077
0.5    1.0    10.802676521
0.5    1.0    -0.948794104168
0.5    1.0    -1.95100497333
0.5    1.0    0.0683695410193
0.5    1.0    -0.451629490728
0.5    1.0    0.585607675783
0.5    1.0    -0.537766062456
0.5    1.0    1.94129154567
0.5    1.0    1.47850148318
0.5    1.0    -0.18816780056
0.5    1.0    -1.5752901044
0.5    1.0    -1.43920888706
0.5    1.0    0.284260763867
0.5    1.0    -0.826370236022
0.5    1.0    -0.417578640009
0.5    1.0    -0.142980770228
0.5    1.0    -0.724226090434
0.5    1.0    -0.400929315331
0.5    1.0    -0.569366518255
0.5    1.0    0.267205228984
0.5    1.0    6.72678750883
0.5    1.0    -0.763507355755
0.5    1.0    4.75561208144
0.5    1.0    -0.815604585454
0.5    1.0    -1.34574361667
0.5    1.0    -1.2533687081
0.5    1.0    -0.677319889224
0.5    1.0    -0.976657690706
0.5    1.0    -0.689635845301
0.5    1.0    -0.350216907026
0.5    1.0    -0.702637852321
0.5    1.0    -0.132137413436
0.5    1.0    -0.532988969091
0.5    1.0    0.467186376711
0.5    1.0    -1.2047151098
0.5    1.0    1.24804404658
0.5    1.0    -0.706248719923
0.5    1.0    -0.298327921659
0.5    1.0    -0.760824526908
0.5    1.0    -0.756097681219
0.5    1.0    -0.146355574043
0.5    1.0    -0.480697738612
0.5    1.0    -0.45337879058
0.5    1.0    6.12717731682
0.5    1.0    2.83895693018
0.5    1.0    -0.738757774996
0.5    1.0    -0.200876579697
0.5    1.0    -1.17504398081
0.5    1.0    -1.02616507231
0.5    1.0    -1.58483162528
0.5    1.0    -0.619031122946
0.5    1.0    -0.348556994586
0.5    1.0    -0.419470881432
0.5    1.0    -0.812524411624
0.5    1.0    -1.12348862614
0.5    1.0    -0.734083856705
0.5    1.0    -1.17947513113
0.5    1.0    1.14292010794
0.5    1.0    0.884663822401
0.5    1.0    -1.19673780431
0.5    1.0    -1.05903318832
0.5    1.0    -1.31809989586
0.5    1.0    -0.067755872706
0.5    1.0    -1.37908181967
0.5    1.0    -0.00304150057128
0.5    1.0    2.61990226283
0.5    1.0    -0.508707515306
0.5    1.0    0.00129120468735
0.5    1.0    1.2522338965
0.5    1.0    0.970498475299
0.5    1.0    4.20904650602
0.5    1.0    1.37136774958
0.5    1.0    -0.515019551445
0.5    1.0    -0.464037212366
0.5    1.0    -0.152970420884
0.5    1.0    2.38398787401
0.5    1.0    -0.50720341541
0.5    1.0    0.411451491597
0.5    1.0    -0.167133161642
0.5    1.0    -1.02406915302
0.5    1.0    0.825105509232
0.5    1.0    -0.733435798934
0.5    1.0    -0.987011264511
0.5    1.0    -0.555396805211
0.5    1.0    -0.888555624939
0.5    1.0    -0.0407717822145
0.5    1.0    -0.60354813038
0.5    1.0    -0.794282630634
0.5    1.0    -1.37117151836
0.5    1.0    -0.545512429093
0.5    1.0    -0.470569267686
0.5    1.0    -1.21681778473
0.5    1.0    -1.62411684928
0.5    1.0    -0.703869535026
0.5    1.0    -1.18909253066
0.5    1.0    0.229447876502
0.5    1.0    -0.728450560194
0.5    1.0    -1.31185845526
0.5    1.0    -0.64626936596
0.5    1.0    -0.709161503987
0.5    1.0    -0.698123864745
0.5    1.0    -0.116702039127
0.5    1.0    0.667713915463
0.5    1.0    -0.94954115262
0.5    1.0    -0.95790924275
0.5    1.0    -0.700982382821
0.5    1.0    0.163650810587
0.5    1.0    -0.57314419011
0.5    1.0    -0.221353569231
0.5    1.0    -0.288014709734
0.5    1.0    -0.135126209874
0.5    1.0    -0.46953369749
0.5    1.0    0.673809736236
0.5    1.0    0.0710008356367
0.5    1.0    -0.979674842979
0.5    1.0    0.0739435002293
0.5    1.0    -1.31299759701
0.5    1.0    -0.909635397987
0.5    1.0    -0.438630037088
0.5    1.0    0.293106909588
0.5    1.0    -0.278812019192
0.5    1.0    7.10313786821
0.5    1.0    -0.625841517448
0.5    1.0    1.68577017429
0.5    1.0    -1.3951131382
0.5    1.0    1.66211233732
0.5    1.0    1.89604328791
0.5    1.0    -0.0590145006058
0.5    1.0    0.118253549928
0.5    1.0    0.428767443324
0.5    1.0    0.729415100548
0.5    1.0    -0.684374013532
0.5    1.0    -0.351369698951
0.5    1.0    1.5525391173
0.5    1.0    0.957589851381
0.5    1.0    -0.915892099506
0.5    1.0    -0.373009177678
0.5    1.0    1.05014806852
0.5    1.0    -1.17934792658
0.5    1.0    -0.662710450389
0.5    1.0    3.64593499034
0.5    1.0    -1.36784476492
0.5    1.0    -0.131339746608
0.5    1.0    -0.820626924074
0.5    1.0    -0.774129586915
0.5    1.0    -0.82408961859
0.5    1.0    0.546101901969
0.5    1.0    -0.690287696512
0.5    1.0    2.56852049863
0.5    1.0    -0.60458435489
0.5    1.0    -0.755239389098
0.5    1.0    -0.900478909301
0.5    1.0    -0.671444496209
0.5    1.0    -0.802614411564
0.5    1.0    1.41765897191
0.5    1.0    -0.779168295421
0.5    1.0    0.184489545302
0.5    1.0    -1.42991244845
0.5    1.0    0.831196153513
0.5    1.0    -0.619302923728
0.5    1.0    0.999030900334
0.5    1.0    -0.571022291702
0.5    1.0    -0.929141456156
0.5    1.0    2.89893370002
0.5    1.0    -0.562243600509
0.5    1.0    1.40921973809
0.5    1.0    -0.902105578214
0.5    1.0    -0.873824230862
0.5    1.0    -0.139068873365
0.5    1.0    -0.769951858029
0.5    1.0    0.0045307877541
0.5    1.0    -0.0327440927684
0.5    1.0    6.02189755859
0.5    1.0    -0.576503461763
0.5    1.0    -0.388570105028
0.5    1.0    -0.75461669585
0.5    1.0    0.356558203217
0.5    1.0    -0.745577994473
0.5    1.0    4.32551284398
0.5    1.0    -0.0253977036754
0.5    1.0    -1.0785685725
0.5    1.0    0.0817666071532
0.5    1.0    -0.268417021458
0.5    1.0    -0.936329868896
0.5    1.0    -1.35981768234
0.5    1.0    -0.821925194044
0.5    1.0    0.151792277494
0.5    1.0    -0.885604275912
0.5    1.0    -0.61942084308
0.5    1.0    -0.87090729507
0.5    1.0    -0.713858635015
0.5    1.0    -0.281898070372
0.5    1.0    -0.278253040184
0.5    1.0    -0.285267139934
0.5    1.0    -0.760498168811
0.5    1.0    -1.066245648
0.5    1.0    0.276032033649
0.5    1.0    -0.949447049544
0.5    1.0    0.59095156822
0.5    1.0    6.35545058915
0.5    1.0    -1.16712440488
0.5    1.0    -1.08543928162
0.5    1.0    1.46417846532
