0	1
1	1
2	1
3	1
4	1
5	1
6	1
7	1
8	1
9	1
10	1
11	1
12	1
13	1
14	1
15	1
16	1
17	1
18	1
19	1
20	1
21	1
22	1
23	1
24	1
25	1
26	1
27	1
28	1
29	1
30	1
31	1
32	1
33	1
34	1
35	1
36	1
37	1
38	1
39	1
40	1
41	1
42	1
43	1
44	1
45	1
46	1
47	1
48	1
49	1
50	1
51	1
52	1
53	1
54	1
55	1
56	1
57	1
58	1
59	1
60	1
61	1
62	1
63	1
64	1
65	1
66	1
67	1
68	1
69	1
70	1
71	1
72	1
73	1
74	1
75	2
76	2
77	2
78	2
79	2
80	2
81	2
82	2
83	2
84	2
85	2
86	2
87	2
88	2
89	2
90	2
91	2
92	2
93	2
94	2
95	2
96	2
97	2
98	2
99	2
100	2
101	2
102	2
103	2
104	2
105	2
106	2
107	2
108	2
109	2
110	2
111	2
112	2
113	2
114	2
115	2
116	2
117	2
118	2
119	2
120	2
121	2
122	2
123	2
124	2
125	2
126	2
127	2
128	2
129	2
130	2
131	2
132	2
133	2
134	2
135	2
136	2
137	2
138	2
139	2
140	2
141	2
142	2
143	2
144	2
145	2
146	2
147	2
148	2
149	2
150	2
151	2
152	2
153	2
154	2
155	2
156	2
157	2
158	2
159	2
160	2
161	2
162	2
163	2
164	2
165	2
166	2
167	2
168	2
169	2
170	2
171	2
172	2
173	2
174	2
175	2
176	2
177	2
178	2
179	2
180	2
181	2
182	2
183	2
184	2
185	2
186	2
187	2
188	2
189	2
190	2
191	2
192	2
193	2
194	2
195	2
196	2
197	2
198	2
199	2
200	2
201	2
202	2
203	2
204	2
205	2
206	2
207	2
208	2
209	2
210	2
211	2
212	2
213	2
214	2
215	2
216	2
217	2
218	2
219	2
220	2
221	2
222	2
223	2
224	2
225	3
226	3
227	3
228	3
229	3
230	3
231	3
232	3
233	3
234	3
235	3
236	3
237	3
238	3
239	3
240	3
241	3
242	3
243	3
244	3
245	3
246	3
247	3
248	3
249	3
250	3
251	3
252	3
253	3
254	3
255	3
256	3
257	3
258	3
259	3
260	3
261	3
262	3
263	3
264	3
265	3
266	3
267	3
268	3
269	3
270	3
271	3
272	3
273	3
274	3
275	3
276	3
277	3
278	3
279	3
280	3
281	3
282	3
283	3
284	3
285	3
286	3
287	3
288	3
289	3
290	3
291	3
292	3
293	3
294	3
295	3
296	3
297	3
298	3
299	3
300	5
301	5
302	5
303	5
304	5
305	5
306	5
307	5
308	5
309	5
310	5
311	5
312	5
313	5
314	5
315	5
316	5
317	5
318	5
319	5
320	5
321	5
322	5
323	5
324	5
325	5
326	5
327	5
328	5
329	5
330	5
331	5
332	5
333	5
334	5
335	5
336	5
337	5
338	5
339	5
340	5
341	5
342	5
343	5
344	5
345	5
346	5
347	5
348	5
349	5
350	5
351	5
352	5
353	5
354	5
355	5
356	5
357	5
358	5
359	5
360	5
361	5
362	5
363	5
364	5
365	5
366	5
367	5
368	5
369	5
370	5
371	5
372	5
373	5
374	5
375	6
376	6
377	6
378	6
379	6
380	6
381	6
382	6
383	7
384	7
385	7
386	7
387	7
388	7
389	7
390	7
391	7
392	7
393	7
394	7
395	7
396	7
397	7
398	7
399	7
400	7
401	7
402	7
403	7
404	7
405	7
406	7
407	7
408	7
409	7
410	7
411	7
412	7
413	7
414	7
415	7
416	7
417	7
418	7
419	7
420	7
421	7
422	7
423	7
424	7
425	7
426	7
427	7
428	7
429	7
430	7
431	7
432	7
433	7
434	7
435	7
436	7
437	7
438	7
439	7
440	7
441	7
442	7
443	7
444	7
445	7
446	7
447	7
448	7
449	7
450	9
451	9
452	9
453	9
454	9
455	9
456	9
457	9
458	11
459	11
460	11
461	11
462	11
463	11
464	11
465	11
466	11
467	11
468	11
469	11
470	11
471	11
472	11
473	11
474	11
475	11
476	11
477	11
478	11
479	11
480	11
481	11
482	11
483	11
484	11
485	11
486	11
487	11
488	11
489	11
490	11
491	11
492	11
493	11
494	11
495	11
496	11
497	11
498	11
499	11
500	11
501	11
502	11
503	11
504	11
505	11
506	11
507	11
508	11
509	11
510	11
511	11
512	11
513	11
514	11
515	11
516	11
517	11
518	11
519	11
520	11
521	11
522	11
523	11
524	11
525	16
526	16
527	16
528	16
529	16
530	16
531	16
532	16
533	16
534	16
535	16
536	16
537	16
538	16
539	16
540	16
541	16
542	16
543	16
544	16
545	16
546	16
547	16
548	16
549	16
550	16
551	16
552	16
553	16
554	16
555	16
556	16
557	16
558	16
559	16
560	16
561	16
562	16
563	16
564	16
565	16
566	16
567	16
568	16
569	16
570	16
571	16
572	16
573	16
574	16
575	16
576	16
577	16
578	16
579	16
580	16
581	16
582	16
583	16
584	16
585	16
586	16
587	16
588	16
589	16
590	16
591	16
592	16
593	16
594	16
595	16
596	16
597	16
598	16
599	16
600	19
601	19
602	19
603	19
604	19
605	19
606	19
607	19
608	21
609	21
610	21
611	21
612	21
613	21
614	21
615	24
616	24
617	24
618	24
619	24
620	24
621	24
622	24
623	25
624	25
625	25
626	25
627	25
628	25
629	25
630	25
631	25
632	25
633	25
634	25
635	25
636	25
637	25
638	25
639	25
640	25
641	25
642	25
643	25
644	25
645	26
646	26
647	26
648	26
649	26
650	26
651	26
652	26
653	26
654	26
655	26
656	26
657	26
658	26
659	26
660	26
661	26
662	26
663	26
664	26
665	26
666	26
667	26
668	26
669	26
670	26
671	26
672	26
673	26
674	26
675	30
676	30
677	30
678	30
679	30
680	30
681	30
682	30
683	32
684	32
685	32
686	32
687	32
688	32
689	32
690	34
691	34
692	34
693	34
694	34
695	34
696	34
697	34
698	37
699	37
700	37
701	37
702	37
703	37
704	37
705	38
706	38
707	38
708	38
709	38
710	38
711	38
712	38
713	38
714	38
715	38
716	38
717	38
718	38
719	38
720	38
721	38
722	38
723	38
724	38
725	38
726	38
727	38
728	39
729	39
730	39
731	39
732	39
733	39
734	39
735	39
736	39
737	39
738	39
739	39
740	39
741	39
742	39
743	39
744	39
745	39
746	39
747	39
748	39
749	39
750	44
751	44
752	44
753	44
754	44
755	44
756	44
757	44
758	46
759	46
760	46
761	46
762	46
763	46
764	46
765	49
766	49
767	49
768	49
769	49
770	49
771	49
772	49
773	58
774	58
775	58
776	58
777	58
778	58
779	58
780	60
781	60
782	60
783	60
784	60
785	60
786	60
787	60
788	60
789	60
790	60
791	60
792	60
793	60
794	60
795	61
796	61
797	61
798	61
799	61
800	61
801	61
802	61
803	62
804	62
805	62
806	62
807	62
808	62
809	62
810	64
811	64
812	64
813	64
814	64
815	64
816	64
817	64
818	64
819	64
820	64
821	64
822	64
823	64
824	64
825	67
826	67
827	67
828	67
829	67
830	67
831	67
832	67
833	73
834	73
835	73
836	73
837	73
838	73
839	73
840	75
841	75
842	75
843	75
844	75
845	75
846	75
847	75
848	82
849	82
850	82
851	82
852	82
853	82
854	82
855	87
856	87
857	87
858	87
859	87
860	87
861	87
862	87
863	89
864	89
865	89
866	89
867	89
868	89
869	89
870	91
871	91
872	91
873	91
874	91
875	91
876	91
877	91
878	94
879	94
880	94
881	94
882	94
883	94
884	94
885	97
886	97
887	97
888	97
889	97
890	97
891	97
892	97
893	100
894	100
895	100
896	100
897	100
898	100
899	100
900	101
901	101
902	101
903	101
904	101
905	101
906	101
907	101
908	104
909	104
910	104
911	104
912	104
913	104
914	104
915	106
916	106
917	106
918	106
919	106
920	106
921	106
922	106
923	112
924	112
925	112
926	112
927	112
928	112
929	112
930	125
931	125
932	125
933	125
934	125
935	125
936	125
937	125
938	127
939	127
940	127
941	127
942	127
943	127
944	127
945	137
946	137
947	137
948	137
949	137
950	137
951	137
952	137
953	143
954	143
955	143
956	143
957	143
958	143
959	143
960	145
961	145
962	145
963	145
964	145
965	145
966	145
967	145
968	149
969	149
970	149
971	149
972	149
973	149
974	149
975	152
976	152
977	152
978	152
979	152
980	152
981	152
982	152
983	154
984	154
985	154
986	154
987	154
988	154
989	154
990	162
991	162
992	162
993	162
994	162
995	162
996	162
997	162
998	168
999	168
1000	168
1001	168
1002	168
1003	168
1004	168
1005	171
1006	171
1007	171
1008	171
1009	171
1010	171
1011	171
1012	171
1013	178
1014	178
1015	178
1016	178
1017	178
1018	178
1019	178
1020	185
1021	185
1022	185
1023	185
1024	185
1025	185
1026	185
1027	185
1028	191
1029	191
1030	191
1031	191
1032	191
1033	191
1034	191
1035	196
1036	196
1037	196
1038	196
1039	196
1040	196
1041	196
1042	196
1043	205
1044	205
1045	205
1046	205
1047	205
1048	205
1049	205
1050	211
1051	211
1052	211
1053	211
1054	211
1055	211
1056	211
1057	211
1058	215
1059	215
1060	215
1061	215
1062	215
1063	215
1064	215
1065	225
1066	225
1067	225
1068	225
1069	225
1070	225
1071	225
1072	225
1073	233
1074	233
1075	233
1076	233
1077	233
1078	233
1079	233
1080	244
1081	244
1082	244
1083	244
1084	244
1085	244
1086	244
1087	244
1088	248
1089	248
1090	248
1091	248
1092	248
1093	248
1094	248
1095	254
1096	254
1097	254
1098	254
1099	254
1100	254
1101	254
1102	254
1103	263
1104	263
1105	263
1106	263
1107	263
1108	263
1109	263
1110	269
1111	269
1112	269
1113	269
1114	269
1115	269
1116	269
1117	269
1118	278
1119	278
1120	278
1121	278
1122	278
1123	278
1124	278
1125	281
1126	281
1127	281
1128	281
1129	281
1130	281
1131	281
1132	281
1133	289
1134	289
1135	289
1136	289
1137	289
1138	289
1139	289
1140	295
1141	295
1142	295
1143	295
1144	295
1145	295
1146	295
1147	295
1148	302
1149	302
1150	302
1151	302
1152	302
1153	302
1154	302
1155	309
1156	309
1157	309
1158	309
1159	309
1160	309
1161	309
1162	309
1163	319
1164	319
1165	319
1166	319
1167	319
1168	319
1169	319
1170	322
1171	322
1172	322
1173	322
1174	322
1175	322
1176	322
1177	322
1178	329
1179	329
1180	329
1181	329
1182	329
1183	329
1184	329
1185	339
1186	339
1187	339
1188	339
1189	339
1190	339
1191	339
1192	339
1193	347
1194	347
1195	347
1196	347
1197	347
1198	347
1199	347
1200	356
1201	356
1202	356
1203	356
1204	356
1205	356
1206	356
1207	356
1208	365
1209	365
1210	365
1211	365
1212	365
1213	365
1214	365
1215	376
1216	376
1217	376
1218	376
1219	376
1220	376
1221	376
1222	376
1223	382
1224	382
1225	382
1226	382
1227	382
1228	382
1229	382
1230	392
1231	392
1232	392
1233	392
1234	392
1235	392
1236	392
1237	392
1238	401
1239	401
1240	401
1241	401
1242	401
1243	401
1244	401
1245	412
1246	412
1247	412
1248	412
1249	412
1250	412
1251	412
1252	412
1253	418
1254	418
1255	418
1256	418
1257	418
1258	418
1259	418
1260	426
1261	426
1262	426
1263	426
1264	426
1265	426
1266	426
1267	426
1268	430
1269	430
1270	430
1271	430
1272	430
1273	430
1274	430
1275	438
1276	438
1277	438
1278	438
1279	438
1280	438
1281	438
1282	438
1283	446
1284	446
1285	446
1286	446
1287	446
1288	446
1289	446
1290	456
1291	456
1292	456
1293	456
1294	456
1295	456
1296	456
1297	456
1298	461
1299	461
1300	461
1301	461
1302	461
1303	461
1304	461
1305	470
1306	470
1307	470
1308	470
1309	470
1310	470
1311	470
1312	470
1313	475
1314	475
1315	475
1316	475
1317	475
1318	475
1319	475
1320	479
1321	479
1322	479
1323	479
1324	479
1325	479
1326	479
1327	479
1328	487
1329	487
1330	487
1331	487
1332	487
1333	487
1334	487
1335	495
1336	495
1337	495
1338	495
1339	495
1340	495
1341	495
1342	495
1343	502
1344	502
1345	502
1346	502
1347	502
1348	502
1349	502
1350	510
1351	510
1352	510
1353	510
1354	510
1355	510
1356	510
1357	510
1358	521
1359	521
1360	521
1361	521
1362	521
1363	521
1364	521
1365	526
1366	526
1367	526
1368	526
1369	526
1370	526
1371	526
1372	526
1373	534
1374	534
1375	534
1376	534
1377	534
1378	534
1379	534
1380	543
1381	543
1382	543
1383	543
1384	543
1385	543
1386	543
1387	543
1388	548
1389	548
1390	548
1391	548
1392	548
1393	548
1394	548
1395	559
1396	559
1397	559
1398	559
1399	559
1400	559
1401	559
1402	559
1403	561
1404	561
1405	561
1406	561
1407	561
1408	561
1409	561
1410	565
1411	565
1412	565
1413	565
1414	565
1415	565
1416	565
1417	565
1418	571
1419	571
1420	571
1421	571
1422	571
1423	571
1424	571
1425	572
1426	572
1427	572
1428	572
1429	572
1430	572
1431	572
1432	572
1433	581
1434	581
1435	581
1436	581
1437	581
1438	581
1439	581
1440	588
1441	588
1442	588
1443	588
1444	588
1445	588
1446	588
1447	588
1448	592
1449	592
1450	592
1451	592
1452	592
1453	592
1454	592
1455	599
1456	599
1457	599
1458	599
1459	599
1460	599
1461	599
1462	599
1463	609
1464	609
1465	609
1466	609
1467	609
1468	609
1469	609
1470	613
1471	613
1472	613
1473	613
1474	613
1475	613
1476	613
1477	613
1478	621
1479	621
1480	621
1481	621
1482	621
1483	621
1484	621
1485	630
1486	630
1487	630
1488	630
1489	630
1490	630
1491	630
1492	630
1493	633
1494	633
1495	633
1496	633
1497	633
1498	633
1499	633
1500	637
1501	637
1502	637
1503	637
1504	637
1505	637
1506	637
1507	637
1508	644
1509	644
1510	644
1511	644
1512	644
1513	644
1514	644
1515	648
1516	648
1517	648
1518	648
1519	648
1520	648
1521	648
1522	648
1523	651
1524	651
1525	651
1526	651
1527	651
1528	651
1529	651
1530	657
1531	657
1532	657
1533	657
1534	657
1535	657
1536	657
1537	657
1538	660
1539	660
1540	660
1541	660
1542	660
1543	660
1544	660
1545	665
1546	665
1547	665
1548	665
1549	665
1550	665
1551	665
1552	665
1553	669
1554	669
1555	669
1556	669
1557	669
1558	669
1559	669
1560	677
1561	677
1562	677
1563	677
1564	677
1565	677
1566	677
1567	677
1568	683
1569	683
1570	683
1571	683
1572	683
1573	683
1574	683
1575	686
1576	686
1577	686
1578	686
1579	686
1580	686
1581	686
1582	686
1583	690
1584	690
1585	690
1586	690
1587	690
1588	690
1589	690
1590	693
1591	693
1592	693
1593	693
1594	693
1595	693
1596	693
1597	693
1598	697
1599	697
1600	697
1601	697
1602	697
1603	697
1604	697
1605	702
1606	702
1607	702
1608	702
1609	702
1610	702
1611	702
1612	702
1613	710
1614	710
1615	710
1616	710
1617	710
1618	710
1619	710
1620	718
1621	718
1622	718
1623	718
1624	718
1625	718
1626	718
1627	718
1628	729
1629	729
1630	729
1631	729
1632	729
1633	729
1634	729
1635	734
1636	734
1637	734
1638	734
1639	734
1640	734
1641	734
1642	734
1643	737
1644	737
1645	737
1646	737
1647	737
1648	737
1649	737
1650	740
1651	740
1652	740
1653	740
1654	740
1655	740
1656	740
1657	740
1658	750
1659	750
1660	750
1661	750
1662	750
1663	750
1664	750
1665	753
1666	753
1667	753
1668	753
1669	753
1670	753
1671	753
1672	753
1673	760
1674	760
1675	760
1676	760
1677	760
1678	760
1679	760
1680	765
1681	765
1682	765
1683	765
1684	765
1685	765
1686	765
1687	765
1688	767
1689	767
1690	767
1691	767
1692	767
1693	767
1694	767
1695	770
1696	770
1697	770
1698	770
1699	770
1700	770
1701	770
1702	770
1703	774
1704	774
1705	774
1706	774
1707	774
1708	774
1709	774
1710	777
1711	777
1712	777
1713	777
1714	777
1715	777
1716	777
1717	777
1718	782
1719	782
1720	782
1721	782
1722	782
1723	782
1724	782
1725	786
1726	786
1727	786
1728	786
1729	786
1730	786
1731	786
1732	786
1733	789
1734	789
1735	789
1736	789
1737	789
1738	789
1739	789
1740	790
1741	790
1742	790
1743	790
1744	790
1745	790
1746	790
1747	790
1748	794
1749	794
1750	794
1751	794
1752	794
1753	794
1754	794
1755	801
1756	801
1757	801
1758	801
1759	801
1760	801
1761	801
1762	801
1763	804
1764	804
1765	804
1766	804
1767	804
1768	804
1769	804
1770	807
1771	807
1772	807
1773	807
1774	807
1775	807
1776	807
1777	807
1778	810
1779	810
1780	810
1781	810
1782	810
1783	810
1784	810
1785	817
1786	817
1787	817
1788	817
1789	817
1790	817
1791	817
1792	817
1793	820
1794	820
1795	820
1796	820
1797	820
1798	820
1799	820
1800	825
1801	825
1802	825
1803	825
1804	825
1805	825
1806	825
1807	825
1808	831
1809	831
1810	831
1811	831
1812	831
1813	831
1814	831
1815	833
1816	833
1817	833
1818	833
1819	833
1820	833
1821	833
1822	833
1823	835
1824	835
1825	835
1826	835
1827	835
1828	835
1829	835
1830	840
1831	840
1832	840
1833	840
1834	840
1835	840
1836	840
1837	840
1838	841
1839	841
1840	841
1841	841
1842	841
1843	841
1844	841
1845	845
1846	845
1847	845
1848	845
1849	845
1850	845
1851	845
1852	845
1853	849
1854	849
1855	849
1856	849
1857	849
1858	849
1859	849
1860	851
1861	851
1862	851
1863	851
1864	851
1865	851
1866	851
1867	851
1868	854
1869	854
1870	854
1871	854
1872	854
1873	854
1874	854
1875	856
1876	856
1877	856
1878	856
1879	856
1880	856
1881	856
1882	856
1883	860
1884	860
1885	860
1886	860
1887	860
1888	860
1889	860
1890	868
1891	868
1892	868
1893	868
1894	868
1895	868
1896	868
1897	868
1898	873
1899	873
1900	873
1901	873
1902	873
1903	873
1904	873
1905	875
1906	875
1907	875
1908	875
1909	875
1910	875
1911	875
1912	875
1913	880
1914	880
1915	880
1916	880
1917	880
1918	880
1919	880
1920	885
1921	885
1922	885
1923	885
1924	885
1925	885
1926	885
1927	885
1928	885
1929	885
1930	885
1931	885
1932	885
1933	885
1934	885
1935	891
1936	891
1937	891
1938	891
1939	891
1940	891
1941	891
1942	891
1943	897
1944	897
1945	897
1946	897
1947	897
1948	897
1949	897
1950	901
1951	901
1952	901
1953	901
1954	901
1955	901
1956	901
1957	901
1958	904
1959	904
1960	904
1961	904
1962	904
1963	904
1964	904
1965	907
1966	907
1967	907
1968	907
1969	907
1970	907
1971	907
1972	907
1973	910
1974	910
1975	910
1976	910
1977	910
1978	910
1979	910
1980	913
1981	913
1982	913
1983	913
1984	913
1985	913
1986	913
1987	913
1988	915
1989	915
1990	915
1991	915
1992	915
1993	915
1994	915
1995	915
1996	915
1997	915
1998	915
1999	915
2000	915
2001	915
2002	915
2003	916
2004	916
2005	916
2006	916
2007	916
2008	916
2009	916
2010	920
2011	920
2012	920
2013	920
2014	920
2015	920
2016	920
2017	920
2018	924
2019	924
2020	924
2021	924
2022	924
2023	924
2024	924
2025	928
2026	928
2027	928
2028	928
2029	928
2030	928
2031	928
2032	928
2033	931
2034	931
2035	931
2036	931
2037	931
2038	931
2039	931
2040	936
2041	936
2042	936
2043	936
2044	936
2045	936
2046	936
2047	936
2048	938
2049	938
2050	938
2051	938
2052	938
2053	938
2054	938
2055	941
2056	941
2057	941
2058	941
2059	941
2060	941
2061	941
2062	941
2063	943
2064	943
2065	943
2066	943
2067	943
2068	943
2069	943
2070	944
2071	944
2072	944
2073	944
2074	944
2075	944
2076	944
2077	944
2078	945
2079	945
2080	945
2081	945
2082	945
2083	945
2084	945
2085	945
2086	945
2087	945
2088	945
2089	945
2090	945
2091	945
2092	945
2093	945
2094	945
2095	945
2096	945
2097	945
2098	945
2099	945
2100	948
2101	948
2102	948
2103	948
2104	948
2105	948
2106	948
2107	948
2108	952
2109	952
2110	952
2111	952
2112	952
2113	952
2114	952
2115	954
2116	954
2117	954
2118	954
2119	954
2120	954
2121	954
2122	954
2123	957
2124	957
2125	957
2126	957
2127	957
2128	957
2129	957
2130	959
2131	959
2132	959
2133	959
2134	959
2135	959
2136	959
2137	959
2138	961
2139	961
2140	961
2141	961
2142	961
2143	961
2144	961
2145	962
2146	962
2147	962
2148	962
2149	962
2150	962
2151	962
2152	962
2153	967
2154	967
2155	967
2156	967
2157	967
2158	967
2159	967
2160	968
2161	968
2162	968
2163	968
2164	968
2165	968
2166	968
2167	968
2168	969
2169	969
2170	969
2171	969
2172	969
2173	969
2174	969
2175	971
2176	971
2177	971
2178	971
2179	971
2180	971
2181	971
2182	971
2183	974
2184	974
2185	974
2186	974
2187	974
2188	974
2189	974
2190	977
2191	977
2192	977
2193	977
2194	977
2195	977
2196	977
2197	977
2198	979
2199	979
2200	979
2201	979
2202	979
2203	979
2204	979
2205	981
2206	981
2207	981
2208	981
2209	981
2210	981
2211	981
2212	981
2213	981
2214	981
2215	981
2216	981
2217	981
2218	981
2219	981
2220	982
2221	982
2222	982
2223	982
2224	982
2225	982
2226	982
2227	982
2228	984
2229	984
2230	984
2231	984
2232	984
2233	984
2234	984
2235	988
2236	988
2237	988
2238	988
2239	988
2240	988
2241	988
2242	988
2243	989
2244	989
2245	989
2246	989
2247	989
2248	989
2249	989
2250	989
2251	989
2252	989
2253	989
2254	989
2255	989
2256	989
2257	989
2258	991
2259	991
2260	991
2261	991
2262	991
2263	991
2264	991
2265	992
2266	992
2267	992
2268	992
2269	992
2270	992
2271	992
2272	992
2273	995
2274	995
2275	995
2276	995
2277	995
2278	995
2279	995
2280	997
2281	997
2282	997
2283	997
2284	997
2285	997
2286	997
2287	997
2288	998
2289	998
2290	998
2291	998
2292	998
2293	998
2294	998
2295	1002
2296	1002
2297	1002
2298	1002
2299	1002
2300	1002
2301	1002
2302	1002
2303	1003
2304	1003
2305	1003
2306	1003
2307	1003
2308	1003
2309	1003
2310	1003
2311	1003
2312	1003
2313	1003
2314	1003
2315	1003
2316	1003
2317	1003
2318	1003
2319	1003
2320	1003
2321	1003
2322	1003
2323	1003
2324	1003
2325	1004
2326	1004
2327	1004
2328	1004
2329	1004
2330	1004
2331	1004
2332	1004
2333	1005
2334	1005
2335	1005
2336	1005
2337	1005
2338	1005
2339	1005
2340	1006
2341	1006
2342	1006
2343	1006
2344	1006
2345	1006
2346	1006
2347	1006
2348	1010
2349	1010
2350	1010
2351	1010
2352	1010
2353	1010
2354	1010
2355	1013
2356	1013
2357	1013
2358	1013
2359	1013
2360	1013
2361	1013
2362	1013
2363	1014
2364	1014
2365	1014
2366	1014
2367	1014
2368	1014
2369	1014
2370	1020
2371	1020
2372	1020
2373	1020
2374	1020
2375	1020
2376	1020
2377	1020
2378	1023
2379	1023
2380	1023
2381	1023
2382	1023
2383	1023
2384	1023
2385	1026
2386	1026
2387	1026
2388	1026
2389	1026
2390	1026
2391	1026
2392	1026
2393	1026
2394	1026
2395	1026
2396	1026
2397	1026
2398	1026
2399	1026
2400	1027
2401	1027
2402	1027
2403	1027
2404	1027
2405	1027
2406	1027
2407	1027
2408	1028
2409	1028
2410	1028
2411	1028
2412	1028
2413	1028
2414	1028
2415	1032
2416	1032
2417	1032
2418	1032
2419	1032
2420	1032
2421	1032
2422	1032
2423	1033
2424	1033
2425	1033
2426	1033
2427	1033
2428	1033
2429	1033
2430	1035
2431	1035
2432	1035
2433	1035
2434	1035
2435	1035
2436	1035
2437	1035
2438	1037
2439	1037
2440	1037
2441	1037
2442	1037
2443	1037
2444	1037
2445	1038
2446	1038
2447	1038
2448	1038
2449	1038
2450	1038
2451	1038
2452	1038
2453	1038
2454	1038
2455	1038
2456	1038
2457	1038
2458	1038
2459	1038
2460	1040
2461	1040
2462	1040
2463	1040
2464	1040
2465	1040
2466	1040
2467	1040
2468	1042
2469	1042
2470	1042
2471	1042
2472	1042
2473	1042
2474	1042
2475	1046
2476	1046
2477	1046
2478	1046
2479	1046
2480	1046
2481	1046
2482	1046
2483	1048
2484	1048
2485	1048
2486	1048
2487	1048
2488	1048
2489	1048
2490	1052
2491	1052
2492	1052
2493	1052
2494	1052
2495	1052
2496	1052
2497	1052
2498	1054
2499	1054
